0	79
00	3
000	79
001	1
01	6
028	1
03	2
030	1
04	4
042	1
044	1
05	6
0500	1
059	1
06	9
064	1
07	2
072	1
078	1
08	3
09	3
090	1
097	1
1	421
10	164
100	51
1000	24
10000	1
1003	1
1004	1
1007	1
1009	2
100тв	1
101	4
1012	1
1015	3
1016	1
1018	1
1019	1
102	4
1023	1
1025	2
103	5
1033	2
1036	1
104	2
1040	1
1051	1
1054	3
1058	1
106	4
1061	1
1063	1
1067	1
1068	4
107	3
1071	2
1072	2
1073	1
1076	3
1078	2
1079	1
108	3
1081	1
1084	1
109	1
1091	1
1093	1
1096	2
1097	1
11	103
110	6
1100	4
1102	1
1103	1
1106	1
1109	1
111	2
1113	2
1115	2
1122	1
113	2
1130	1
1132	3
1134	1
1135	1
1136	1
1137	2
1138	2
1139	1
114	1
1140	1
1144	2
115	3
1154	1
1157	1
116	5
1162	1
1165	1
1166	1
1169	3
117	4
1170	2
1173	1
1174	1
118	6
1180	1
1181	1
1185	1
119	5
1194	2
12	137
120	11
1200	12
1201	1
1203	1
1204	4
1209	1
121	4
1218	1
122	2
1220	1
1223	1
1226	2
1229	1
123	2
1231	1
1233	1
1236	2
1237	4
12377	1
1239	1
124	1
1240	7
1241	1
1242	1
125	7
1251	1
1253	1
1254	1
1255	1
126	3
1265000	1
1267	1
127	3
1276	1
128	1
1282	1
1286	1
129	2
1290	1
1295	1
1296	1
1299	1
13	100
130	7
1300	10
1302	1
1303	1
1305	1
1309	2
131	5
1313	1
1315	1
132	1
1320	4
1321	1
1328	1
133	5
1333	2
1337	2
134	1
1342	1
1343	1
1349	1
135	8
1355	1
136	4
1363	1
137	5
1370	3
13706	1
1374	1
1378	1
138	1
1381	1
1382	1
13839	1
1384	1
1385	2
1386	1
1387	1
139	2
1392	2
14	97
140	9
1400	6
1404	1
141	2
1410	2
1418	1
142	1
1420	1
1423	1
1424	3
143	2
1430	2
1434	1
1435	2
1439	1
144	2
1444	1
1447	1
1453	3
1454	1
1458	1
146	1
1461	1
1466	1
1468	1
147	3
1471	1
1475	1
148	2
1480	2
1481	1
1482	1
1483	1
1488	1
1490	1
1491	1
1492	3
1494	1
1497	1
15	129
150	26
1500	13
1500были	1
1505	1
152	1
1520	3
1522	1
1524	1
1525	1
1526	3
153	1
1533	1
1536	1
1538	1
154	3
1540	1
1542	1
1544	1
1547	2
1549	1
155	1
1550	1
1554	1
1558	1
1559	2
156	2
1562	1
1569	6
157	2
1570	1
1571	2
1572	3
1574	3
1576	1
1577	5
1579	1
1581	1
1582	1
1583	1
1586	1
1587	1
1589	1
159	3
1590	1
1594	1
1596	4
1597	1
1598	2
16	76
160	8
1600	6
1604	1
1605	1
161	4
1610	1
1611	2
1612	1
1613	1
1617	2
1618	1
162	2
1624	1
163	1
1633	1
1635	2
1637	1
164	1
1640	1
1642	1
1643	2
1648	4
1649	1
1653	1
1654	3
1657	1
1659	1
166	5
1667	1
167	1
1672	1
1678	1
168	2
1683	1
1685	1
1688	2
1689	1
169	3
1693	1
1697	2
17	99
170	3
1700	6
1701	3
1702	2
1703	4
1704	3
1705	3
1706	1
1707	2
1708	3
1709	1
171	1
1710	5
1711	1
1712	7
1713	4
1714	2
1715	2
1716	2
1717	2
1718	1
1719	1
172	2
1720	2
1721	8
1722	3
1723	2
1724	3
1725	5
1728	3
173	1
1730	6
1731	2
1732	2
1733	1
1734	3
1735	2
1736	5
1737	4
1738	1
1739	2
174	3
1740	1
1741	4
1742	1
1743	2
1744	2
1746	1
175	3
1750	1
1752	3
1753	3
1754	8
1755	3
1756	3
1757	1
176	1
1760	2
1762	13
1763	9
1764	12
1765	2
1766	4
1767	1
1768	6
1769	1
177	1
1770	1
1771	1
1772	6
1773	1
1774	5
1775	6
1776	2
1777	1
1778	2
1779	5
178	1
1780	6
1781	2
1782	1
1783	6
1784	3
1785	4
1787	5
1788	5
1789	1
179	1
1790	6
1791	5
1792	1
1793	4
1794	5
1795	12
1796	3
1797	17
1798	4
1799	4
18	91
180	8
1800	7
1801	5
1802	8
1803	4
1804	4
1805	4
1806	7
1807	3
1808	3
1809	5
181	3
1810	7
1811	3
1812	15
1813	6
1814	5
1815	12
1816	1
1817	2
1818	2
1819	6
182	2
1820	4
1821	7
1822	4
1823	2
1824	5
1825	2
1826	4
1827	2
1828	2
1829	5
183	2
1830	16
1831	4
1832	4
1833	9
1834	6
1835	1
1836	2
1837	20
1838	1
1839	6
184	3
1840	5
1841	3
1842	2
1843	5
1844	2
1845	3
1846	3
1847	1
1848	2
1849	1
185	2
1850	7
1851	3
1852	3
1853	2
1854	1
1855	3
1856	3
1857	3
1858	1
1859	2
186	1
1860	11
1861	11
1862	8
1863	13
1864	7
1865	1
1866	6
1867	7
1868	1
1869	1
187	2
1870	7
1871	1
1872	1
1873	2
1874	3
1875	1
1876	4
1877	2
188	4
1880	7
1881	5
1882	2
1883	2
1885	3
1886	4
1887	8
1888	2
1889	5
1890	4
1891	7
1892	5
1893	5
1894	8
1895	3
1896	8
1897	13
1898	4
1899	4
19	57
190	4
1900	19
1901	5
1902	5
1903	10
1904	22
1905	84
1906	62
1907	48
1908	11
1909	5
191	2
1910	11
1911	20
1912	18
1912гг	1
1913	37
1914	41
1915	28
1916	49
1917	185
1918	134
1919	81
192	2
1920	85
1921	54
1922	68
1923	38
1924	42
1925	11
1926	15
1927	12
1928	10
1929	17
193	1
1930	28
1931	5
1932	7
1933	10
1934	12
1935	7
1936	15
1937	12
1938	15
1939	60
194	1
1940	57
19400	1
1941	112
1942	52
1943	48
1944	51
1945	68
1946	17
1947	16
1948	17
1949	11
1950	15
1951	4
1952	5
1953	11
1954	7
1955	7
1956	7
1957	9
1958	6
1959	2
196	1
1960	17
1961	5
1962	6
1963	1
1964	8
1965	7
1966	8
1967	9
1968	9
1969	4
197	1
1970	24
1971	4
1972	5
1973	6
1974	4
1975	14
1976	6
1977	11
1978	13
1979	12
1980	22
1981	11
1982	5
1983	6
1984	3
1985	29
1986	36
1986г	1
1987	41
1988	41
1989	45
199	1
1990	77
1991	89
1992	30
1993	26
1994	9
1995	14
1996	10
1997	13
1998	11
1999	14
1½	1
2	314
20	151
200	44
2000	58
20000	1
2001	25
2002	18
2003	18
2004	35
2005	47
2006	29
200642	1
2007	69
2008	68
2009	61
2010	84
2011	77
2012	59
2013	41
2014	25
2015	8
2016	3
2018	1
2019	1
202	2
2025	2
2028	1
203	1
204	2
2049	1
2050	1
2055	1
206	1
2072	1
2090	1
2099	1
21	83
210	1
2100	1
2103	1
211	2
2127	1
214	1
2148	1
215	2
216	2
217	1
218	1
219	4
22	101
220	7
2200	1
221	1
2220	1
2222	1
223	1
224	1
225	5
226	1
228	1
2287	1
229	1
23	74
230	5
2300	2
231	1
232	5
236	1
2364	1
2392	1
24	69
240	4
24120	1
242	1
244	5
245	1
246	1
2464	1
248	1
2499	1
25	121
250	17
2500	1
251	1
252	1
255	1
2554	1
2555	1
257	1
2592	1
26	76
260	4
2600	1
262	1
263	1
264	3
2644	1
268	2
2680	1
269	1
27	73
270	3
2705	1
271	1
2772	1
28	65
280	2
2800	1
281	2
282	1
2824	1
284	2
285	1
286	3
287	4
288	1
2888	1
289	1
2890	1
29	55
290	4
2900	2
2914	1
2917	1
292	1
293	2
29303	1
29370	1
294	2
295	3
299	2
29с	1
2period	1
3	283
30	117
300	31
3000	7
30000	1
304	2
305	2
3054	1
306	1
3061	1
307	2
3070	1
309	3
31	42
310	2
312	5
313	1
3156	1
316	1
317	4
318	1
3188	1
32	17
320	2
321	1
325	1
328	1
32975	2
33	13
330	2
332	1
333	1
334	1
335	2
336	1
338	2
339	3
34	19
340	2
341	1
342	1
343	1
344	2
346	2
347	2
348	1
349	1
35	34
350	7
3500	1
358	1
3582	1
359	1
35x4	1
36	14
360	1
369	1
37	11
370	2
3712	1
3716	1
375	2
377	1
378	1
38	20
380	3
381	1
3820	1
385	1
3852	1
386	2
39	13
393	1
394	3
397	1
3996	1
4	273
40	62
400	13
4000	3
401	1
40135	1
403	1
4039	1
404	4
409	1
41	15
410	1
411	1
413	1
4136	1
41653	1
418	1
42	16
421	3
4213	1
425	1
428	1
429	1
43	18
430	3
431	1
4320	1
4328	1
433	1
434	1
436	1
438	1
439	1
44	14
440	1
4400	1
441	1
447	2
449	6
45	31
450	6
451	2
454	1
456	2
459	2
46	13
460	3
461	1
4626	1
463	1
464	1
466	1
4661	1
467	1
468	2
469	1
47	17
470	1
471	2
472	2
473	1
475	3
4750	1
476	3
477	3
478	5
479	11
48	18
480	9
4807	1
4808	1
481	2
484	2
486	2
48601	1
486011	1
487	1
4879	1
488	2
49	15
490	8
491	2
4916	1
492	3
493	1
494	1
495	1
4950	1
496	1
497	1
498	1
499	4
5	307
50	66
500	38
5000	4
505	1
507	3
508	1
51	18
510	1
512	1
513	4
514	1
516	1
518	1
519	1
52	12
520	1
5200	1
523	1
525	1
527	2
528	2
53	12
530	2
531	1
534	1
535	1
536	1
54	21
540	1
5410	1
542	1
543	2
545	1
546	2
547	1
549	1
55	14
550	1
5500	2
551	1
552	1
554	1
555	2
5564	1
55½	2
56	11
560	2
561	1
5642	2
566	1
567	1
569	1
57	10
571	2
572	1
576	1
577	3
5784	1
58	11
580	1
586	2
589	1
59	5
596	3
599	1
6	213
60	34
600	20
6000	4
602	1
605	1
609	1
61	9
610	1
615	2
616	1
619	1
62	7
625	2
6272	1
63	6
630	1
632	1
6370	1
638	1
6391	1
6392	1
6393	1
64	13
640	2
6400	1
648	1
65	17
650	9
6503	1
652	1
653	1
654	1
657	3
658	2
66	6
660	1
661	1
665	2
667	1
668	1
67	9
670	1
674	3
6740	1
676	1
6774	1
679	2
68	8
680	1
682	2
683	1
685	1
686	1
687	1
69	6
690	1
691	1
695	2
697	1
699	1
7	195
70	34
700	15
7000	1
702	1
704	1
707	1
708	1
71	7
710	1
713	1
714	1
716	1
717	1
72	5
720	3
7200	1
722	1
724	1
7265	1
727	2
73	9
730	2
732	2
735	1
736	1
74	8
740	3
741	1
743	1
745	1
7451	1
747	1
748	1
7495	1
75	14
750	4
751	1
752	2
755	1
759	1
76	9
762	1
7629	1
765	1
769	1
77	14
7700	1
774	2
7747	1
77576	1
777	1
779	1
78	6
782	1
784	1
786	1
787	1
788	1
79	10
7920	1
7927	1
797	1
798	1
799	1
7я	1
8	195
80	47
800	19
8000	3
803	1
807	1
809	1
81	7
810	1
8101	1
811	1
816	1
817	1
82	5
820	1
822	2
8220	1
823	1
825	1
826	1
828	1
83	5
830	1
8339	1
836	1
839	1
84	13
843	2
8464	1
85	18
850	2
854	3
856	1
8576	1
859	1
86	9
860	3
862	7
864	1
865	1
866	1
869	1
87	10
870	1
874	2
877	2
879	2
88	3
880	1
882	5
883	1
884	1
885	2
886	1
89	3
891	1
897	1
899	2
8b	1
9	183
90	33
900	12
9000	2
902	1
905	2
907	3
909	1
91	9
911	4
912	1
913	1
9149	1
918	1
919	1
92	8
924	1
93	6
931	1
933	1
9354	1
94	6
941	1
942	1
943	1
944	3
945	3
9456	1
946	1
95	7
950	1
951	2
951500	1
952	1
9542	1
956	1
957	2
959	1
96	17
960	2
961	1
963	1
964	1
965	1
966	2
967	1
968	1
969	1
97	4
971	4
972	3
975	2
976	2
977	1
978	1
98	6
980	2
987	1
988	3
989	1
99	11
990	1
991	1
992	1
994	1
996	1
998	1
999	1
¼	1
à	2
école	1
électricité	1
énergie	1
état	1
études	1
αδελφός	1
απόδειξη	1
γενική	1
δελφοί	1
δελφύς	1
ελλάδας	1
ελληνες	1
εργατών	1
ιστοριης	1
μαμμα	1
μιδικα	2
μιδικο	1
μιδικος	1
ξυγγραφη	1
ο	1
οι	1
πραηατα	1
ρολεμος	1
συνομοσπονδία	1
σχολή	1
τα	2
το	1
χιχ	1
χχ	1
χvιιι	1
а	942
абазинский	1
абалкина	1
абашевская	1
аббат	1
аббревиатуре	1
абвер	1
абвиль	1
абвиля	1
абебу	1
абел	1
абер	1
або	3
абовяна	1
аборигенами	1
аборигенов	1
абоскому	1
абразионно	1
абрау	1
абрикосов	1
абрикосова	1
абруццкие	1
абруццо	1
абсолютизма	2
абсолютистскую	1
абсолютная	3
абсолютно	2
абсолютной	1
абсолютную	2
абсолютный	1
абсолютным	3
абстрагированному	1
абстрактную	1
абстрактных	1
абсурда	1
абуладзе	1
абуна	1
абхазией	1
абхазии	1
абхазо	1
абхазская	1
абхазским	1
абхазское	1
аван	1
авангарда	4
авангардным	1
аванзал	2
аванзалах	1
аванзалов	2
аварией	1
аварии	3
авария	1
аварский	1
аввакума	1
аввакумом	1
аввы	1
авги	1
август	6
августа	113
августе	25
августовский	2
августовского	1
августом	1
августу	1
авдеево	1
авдеевская	1
авиакомпаний	2
авиакомпания	2
авиалинии	1
авиалиний	1
авиалиниями	1
авиамоделизму	1
авианалеты	1
авианалёт	2
авианалёты	5
авианосцах	1
авиаотряд	1
авиаперевозчик	1
авиарейсов	1
авиарейсы	1
авиатранспортом	1
авиаудар	1
авиацией	2
авиации	6
авиационная	1
авиационного	2
авиационное	1
авиационной	4
авиационные	3
авиационный	3
авиационными	1
авиационных	6
авиацию	1
авиация	8
авиньоне	1
авиньонским	1
авраама	1
авреха	1
авриани	1
аврора	2
авроры	1
австралией	2
австралии	4
австралийские	3
австралийскими	1
австралийских	2
австралийско	1
австралийского	2
австралию	1
австралия	4
австрией	8
австрии	15
австрийская	2
австрийскими	1
австрийских	1
австрийской	3
австрию	2
австрия	2
австро	9
автобана	1
автобиографий	1
автобус	2
автобусного	1
автобусный	1
автобусных	1
автобусов	1
автобусы	4
автово	2
автовокзал	1
автовская	1
автодорог	2
автодорога	1
автодороги	3
автодорогой	1
автокефалия	1
автократором	1
автомагистралей	1
автомагистрали	2
автомагистраль	2
автоматизированных	1
автоматическая	1
автоматически	1
автоматическую	1
автоматов	1
автомобилей	9
автомобилестроение	1
автомобилестроения	1
автомобилестроительное	1
автомобили	3
автомобилизации	2
автомобилизированных	1
автомобилисты	1
автомобиль	1
автомобильная	2
автомобильного	4
автомобильной	1
автомобильном	1
автомобильные	3
автомобильный	1
автомобильным	4
автомобильных	10
автомобиля	1
автомобилям	3
автомобилями	1
автономией	3
автономии	11
автономий	1
автономию	6
автономия	2
автономная	1
автономного	1
автономное	3
автономной	12
автономном	4
автономные	7
автономный	2
автономными	1
автономных	2
автопарк	1
автопром	1
автор	5
авторам	1
авторами	1
авторитаризму	1
авторитарные	1
авторитарный	3
авторитет	2
авторитета	4
авторитетное	1
авторитетным	1
авторитетом	2
авторитету	1
авторов	11
автором	3
авторского	2
авторству	1
авторы	6
автоспорт	1
автострады	1
автотор	1
автотранспортное	1
автотранспортный	1
автотранспортом	1
автотрасса	1
аганбегян	1
агдам	1
агдамском	1
агейла	1
агента	2
агентов	4
агентств	1
агентства	1
агентство	4
агентством	4
агентурные	1
агенты	1
агитаторов	1
агитаторы	2
агитации	2
агитацию	1
агитировать	1
агитируют	1
агломерации	3
агломераций	1
агломерация	2
агломерациями	1
агностики	1
агостино	1
аграрная	9
аграрно	1
аграрного	6
аграрной	17
аграрном	2
аграрному	2
аграрную	3
аграрные	8
аграрный	4
аграрным	2
аграрными	1
аграрных	4
агрессивного	1
агрессивной	1
агрессивную	1
агрессивные	1
агрессией	1
агрессии	10
агрессию	2
агрессора	2
агрессоров	1
агрокультуры	1
агроном	1
агрономическая	2
агрономические	1
агрономический	1
агрономических	1
агрономического	1
агрономической	3
агрономическую	1
агрономов	3
агротехнологий	1
адальберта	1
адамантиоса	1
адамсу	1
адаптации	1
адаптаций	1
адаптивно	1
адаптированные	1
адаптированный	1
адвентистов	2
адвентисты	2
аддис	1
адекватно	1
адекватность	1
адекватны	1
адекватным	1
адекватными	2
аден	1
адидже	2
административная	1
административно	8
административного	3
административное	2
административной	11
административном	1
административную	1
административные	4
административный	7
административным	2
административными	3
административных	7
администраторов	1
администратором	1
администрацией	1
администрации	18
администраций	1
администрацию	5
администрация	6
администрациями	1
администрировании	1
адмирал	12
адмирала	8
адмиралом	2
адмиралтейская	2
адмиралтейские	1
адмиралтейский	4
адмиралтейских	2
адмиралтейского	2
адмиралтейской	5
адмиралтейскую	1
адмиралтейства	7
адмиралтейство	8
адмиралтейством	1
адмиралтейству	4
адмиралу	1
адольф	1
адольфом	1
адрес	3
адреса	1
адресатам	1
адресу	2
адриатике	2
адриатическим	1
адриатического	2
адриатическое	1
адриатической	1
адриатическом	2
аду	1
адъютант	4
адъютанта	3
адъютантов	1
адъютанты	1
адыгов	1
адыгская	1
адыгскими	1
аек	3
ажиотажного	1
ажиотажный	1
ажурными	1
ажурных	1
азад	2
азербайджан	6
азербайджана	11
азербайджане	4
азербайджаном	2
азербайджанская	2
азербайджанских	1
азербайджанского	1
азербайджанское	1
азербайджанской	11
азербайджанца	2
азербайджанцами	2
азербайджанцев	6
азербайджанцем	1
азербайджанцы	3
азефом	1
азиатская	1
азиатские	1
азиатских	2
азиатской	3
азиатском	2
азиатскую	1
азиаты	1
азией	3
азии	36
азимут	1
азию	1
азия	3
азнавур	1
азов	1
азовская	1
азовским	1
азовского	1
азовское	1
азовской	2
азовскому	1
азота	1
азотно	2
азотных	1
азсср	1
азэ	1
аии	2
айваз	1
айзенка	1
айон	2
айософитис	1
айронсайд	1
айртон	1
ак	6
академией	1
академии	16
академий	1
академик	1
академика	1
академиков	1
академиком	2
академический	3
академическим	1
академических	1
академической	1
академическом	1
академию	3
академия	16
акарология	1
аквабуса	1
аквалангом	1
акварели	1
акварелях	1
аквариум	2
акватории	4
акватория	1
аквилея	1
акимова	1
аккомпанементы	1
аккордеона	1
аккредитации	1
аккредитацию	1
аккумулировала	1
аккумулировались	1
аккумулятивная	1
аккумулятивной	1
акраганта	1
акро	1
акрополе	1
акрополи	1
акрополь	4
аксиоматически	1
аксиос	1
акт	10
акта	3
актам	1
актами	1
актах	1
активационной	1
активационных	1
активизацией	1
активизации	2
активизация	1
активизировались	2
активистов	3
активисты	2
активная	5
активнее	1
активно	28
активного	7
активное	4
активной	6
активному	1
активности	3
активность	5
активную	3
активные	2
активный	2
активным	4
активными	1
активных	5
активов	2
активы	1
актов	2
актом	4
актрисой	1
акту	1
актуальность	1
акты	5
актюбинской	1
актёрами	1
актёров	2
актёры	6
акула	1
акушерства	1
акцент	3
акцентировал	1
акцентировка	1
акцентуация	1
акцизом	1
акцизы	2
акций	8
акционерное	1
акционерные	1
акционерным	1
акционерных	2
аламейна	2
аландские	1
аландских	1
аланы	1
албанией	3
албании	1
албанию	2
албанская	1
албанскую	1
албанцы	2
алвареша	1
алварешем	2
алгоритму	1
алебастровые	1
алек	1
алекса	1
александр	29
александра	35
александре	6
александрии	2
александрийский	1
александрийской	1
александринский	3
александринского	1
александринской	1
александрия	1
александро	13
александрович	12
александровича	5
александровичем	2
александровны	1
александровск	1
александровская	6
александровский	4
александровского	2
александровское	1
александровской	4
александровском	3
александровскому	1
александром	3
александрос	2
александру	5
александры	2
алексеев	14
алексеева	4
алексеевны	1
алексеевского	2
алексееву	4
алексеевым	1
алексеем	2
алексей	2
алексея	4
ален	1
алессандро	1
алеутские	1
алжир	2
алжира	3
алжирцы	1
али	2
алигьери	2
алиев	1
аликоновки	1
алимжанова	1
алинь	1
алиса	1
алкоголем	1
алкоголизма	1
алкогольная	1
алкогольной	1
аллегорические	2
аллегорической	1
аллегоричные	1
аллегоричными	1
аллегоричных	1
аллегория	1
аллерёдского	1
алма	8
алмазным	1
алтае	1
алтай	2
алтайская	1
алтайского	1
алтайской	1
алтарной	1
алтарь	1
алтарём	1
алтая	1
алфавита	1
алфавитном	1
алфёров	1
алхимиков	1
алчности	1
аль	2
альба	2
альбервиле	1
альберта	1
альберту	1
альбигойские	1
альвенслебенскую	1
альгаротти	1
альгология	1
алькова	1
альп	2
альпами	4
альпах	1
альпийских	1
альпийскую	1
альпы	4
альте	1
альтернативные	3
альтернативным	1
альтернативных	1
альтмарк	1
альто	2
альфред	4
альфредом	2
альшер	1
альякмон	1
альянс	1
альянса	2
алюминиевых	1
алюминий	1
алябьев	1
аляска	2
аляске	1
аляски	3
аляску	1
амазонии	4
амазония	1
амазонская	1
амазонского	1
амалфитанского	1
амальфи	1
амана	1
амартола	1
амбиан	1
амбициозные	1
амбосели	1
амбразявичюсом	1
амбулаторно	1
америка	2
американец	1
американо	3
американская	6
американские	16
американский	3
американским	3
американскими	5
американских	10
американского	3
американской	5
американском	1
американскому	1
американскую	2
американцами	1
американцы	1
америке	10
америки	14
америкой	1
америку	2
аммосовскими	1
амнистии	2
амнистированы	1
амнистию	2
амнистия	1
ампир	3
ампира	1
ампиром	1
амплитуда	2
амплитудами	1
амплитуды	1
амстел	1
амстеле	1
амстелхоф	1
амстелхофа	1
амстердам	1
амстердама	3
амстердаме	1
амуницией	1
амур	2
амурские	1
амурского	1
амурской	1
амфибий	3
амфиктионии	1
амфитеатр	1
амфитеатра	1
амьен	7
амьена	6
амьене	2
амьенский	3
амьенуа	1
амьенца	1
ан	2
анадыре	1
анайлы	1
анакреонта	1
анакреонтике	1
анализ	5
анализа	3
анализируя	1
анализу	2
аналитиками	1
аналитическое	1
аналог	1
аналогии	2
аналогичное	1
аналогичному	1
аналогичны	1
аналогичные	7
аналогичным	2
аналогов	1
аналогового	1
аналоговое	1
аналоговом	1
аналоговых	1
анархии	3
анархистами	1
анархию	1
анархия	4
анастасиос	1
анатолий	1
анатолия	1
анатоля	1
анатомией	1
анатомии	2
анатомия	1
анафематствованием	1
анафесто	1
анахронизм	1
ангел	1
ангела	2
ангелопулос	1
ангелос	1
англ	1
англией	3
англии	10
английская	5
английские	5
английский	9
английским	1
английскими	1
английских	5
английского	1
английской	3
английском	2
английскому	1
английскую	3
англичан	7
англичанам	2
англичанами	1
англичане	11
англию	1
англия	9
англо	21
англоязычная	1
англоязычные	1
англоязычных	1
англы	1
анголу	1
ангре	1
андерса	2
анджею	1
анджея	1
андижан	1
андогским	1
андокида	1
андоррой	1
андорры	1
андре	2
андреа	3
андреас	2
андреаса	1
андрей	6
андрея	6
андропов	5
андрусовскому	1
анжуйской	1
аничков	1
анкет	1
анкеты	1
анкона	1
анна	6
анналах	1
аннексировав	1
аннексировала	1
аннексированная	1
аннексию	1
аннексия	3
анненков	1
анни	1
аннибале	1
аннотированного	1
аннуитетными	2
аннулировав	1
аннулирование	1
анны	9
анонсировано	1
анри	3
ансамблей	3
ансамбли	5
ансамбль	7
ансамблю	1
ансамбля	2
анси	1
антаблементом	1
антагоническое	1
анталкидову	1
антанас	1
антанта	2
антанте	3
антантой	1
антанту	1
антанты	20
антарктиды	2
антарктике	1
антарктические	1
анте	1
антиалкогольная	2
антиалкогольной	2
антиалкогольную	1
антиафинскую	1
антибольшевистски	1
антибольшевистские	3
антибольшевистскими	2
антибольшевистских	11
антибольшевистского	2
антибольшевистское	4
антивоенное	1
антивоенной	1
антивоенные	1
антигерманских	1
антигитлеровской	5
антигитлеровскую	1
антиклерикальная	1
антикняжеского	1
антиковед	1
антикоминтерновский	2
антикоминтерновскому	1
антикоммунистические	1
антикоммунистическими	1
антикоммунистических	1
антиконституционных	1
антикризисная	1
антинародных	1
антинацистских	1
антинемецкие	1
антинэповские	1
антипатии	1
антиперсидских	1
антиперсидской	1
антипозитивизм	1
антипозитивистом	1
антиправительственную	1
антиправительственный	2
антирелигиозной	1
антирио	2
антисемитская	1
антисионистской	1
антисоветскими	1
антисоветских	4
антисоветской	1
антисоветском	1
антисоциалистический	1
антистимулом	1
антифашизм	1
антифашистских	1
антифашистского	1
антифашистской	2
античной	2
античности	3
античные	2
античным	1
античными	1
античных	5
антониевский	1
антонио	7
антонис	1
антония	1
антонов	2
антонова	1
антоновича	1
антоновым	1
антоном	1
антракитис	1
антракте	1
антрацит	1
антресольные	1
антропогенному	1
антропогенную	1
антропогенных	1
антропологии	1
антропологический	1
антропология	1
антуан	1
анфилада	3
анфиладе	1
анфиладу	3
анфилады	2
анцио	3
аншлюза	1
аншлюс	2
аоста	3
апартаментах	2
апартаменты	2
апелляционная	1
апелляционного	1
апелляционной	8
апелляционные	8
апелляционный	1
апелляционных	3
апельсинов	1
апеннинах	1
апеннинские	2
апеннинский	2
апеннинским	1
апеннинского	1
апеннины	1
апк	1
апогеем	1
апогея	3
аполлинера	1
аполлона	5
аполлонов	1
апостола	1
апостолов	1
апостольская	2
апостольской	1
аппара	1
аппарат	6
аппарата	4
аппаратов	1
аппаратом	1
аппаратура	3
аппараты	3
аппеннинского	1
апраксина	1
апраксину	1
апреле	35
апрель	9
апрельский	1
апрельских	1
апрельское	1
апрельском	3
апрелю	4
апреля	113
аптекарском	1
аптский	1
апулией	2
апулии	1
апулию	1
апулия	1
апулья	1
арабами	2
арабов	2
арабские	1
арабских	2
арабское	1
арабы	2
аравии	1
аравийского	1
арагон	1
араукарии	1
арбата	1
арбитражные	1
аргентинец	1
аргентиной	3
аргирис	1
аргос	1
аргумента	1
аргументированной	1
аргументируя	1
аргументы	1
арденн	1
арденнах	3
арденнской	1
арденны	5
ареал	1
ареалов	1
арена	2
арендной	1
арендные	1
арендовали	1
арендованных	2
арендованы	1
арендой	2
аренду	11
аренды	2
арене	3
ареной	1
аренский	1
арены	1
арест	1
ареста	2
арестантов	1
арестов	2
арестовав	2
арестовал	1
арестовали	6
арестован	6
арестована	4
арестованные	1
арестованных	1
арестовано	3
арестованы	6
арестовать	1
арестовывается	1
арестовывались	1
арестовывать	1
аресты	3
ариана	1
ариев	1
аризоны	1
арис	3
аристагор	5
аристагора	2
аристагором	1
аристид	4
аристида	1
аристидом	2
аристократами	1
аристократии	1
аристократические	2
аристократическим	1
аристократической	1
аристократия	2
аристократов	4
аристократы	1
аристотель	1
аристотеля	3
аристофан	1
арк	1
арка	2
аркажах	1
арках	1
арке	2
аркой	11
арктике	1
арктические	1
арктический	1
арктических	1
арктическом	1
арку	1
армавира	1
армада	1
армейская	1
армейские	2
армейскими	1
армейских	1
армейского	1
армейскому	1
арменией	1
армении	25
арменис	1
армению	2
армения	4
армией	16
армии	202
армий	56
армию	27
армия	98
армиям	1
армиями	2
армиях	2
армориканского	1
армян	7
армяне	4
армянина	1
армянская	2
армянские	2
армянский	2
армянским	1
армянских	3
армянского	3
армянское	2
армянской	18
армянскую	1
арнаутами	1
арнауты	1
арок	1
аромуны	1
арочной	1
арочных	1
арраса	1
арсенал	3
арсеналах	1
арсеналы	1
арт	1
артаксеркса	1
артаксерксу	1
артамонов	1
артаферн	2
артаферна	1
артаферну	3
арте	1
артезианских	1
артель	1
артемисии	1
артемисий	1
артемисию	1
артефакт	1
артефактов	1
артиллерией	2
артиллерии	7
артиллерийская	3
артиллерийские	2
артиллерийский	2
артиллерийским	1
артиллерийских	3
артиллерийского	2
артиллерийской	4
артиллерийскую	1
артиллерию	1
артподготовки	1
артур	1
артура	2
артуре	1
артуром	1
арх	5
архангельск	7
архангельска	2
архангельская	1
архангельске	2
архангельский	1
архангельску	1
архантропы	1
археологи	1
археологии	2
археологические	5
археологический	2
археологическим	2
археологических	2
археологическое	1
археологической	1
археологическому	1
археологическую	1
археологов	1
архив	1
архиве	1
архивные	1
архиепископ	2
архиепископа	3
архиереев	2
архиереи	1
архиерею	1
архиереями	1
архимандрит	1
архимандрита	1
архипелаг	1
архипелага	2
архипелаге	1
архипелагов	1
архипелагом	1
архитектор	11
архитектора	8
архитекторами	2
архитекторов	4
архитектором	11
архитекторы	8
архитектура	8
архитектуре	8
архитектурная	2
архитектурно	2
архитектурного	7
архитектурном	3
архитектурному	1
архитектурные	3
архитектурный	7
архитектурным	1
архитектурными	1
архитектурных	6
архитектуры	13
асадов	1
асбеста	1
асвея	1
асеведо	1
аскеран	1
аскерана	1
аскольд	1
аскольда	3
аскольдом	1
асмэру	1
аспектам	1
аспектами	1
аспектах	1
аспектов	2
аспекты	1
асса	1
ассамблеей	1
ассамблеи	4
ассамблея	5
ассемблеи	1
ассигнаций	3
ассигнациями	1
ассигнований	2
ассигнования	1
ассигновано	1
ассимилировали	1
ассимиляции	1
ассирийцев	1
ассортимента	1
ассоциации	4
ассоциацию	1
ассоциация	4
ассоциированным	1
асср	16
астане	1
астафьев	1
астахов	1
астероид	2
астория	2
астрахани	1
астраханская	1
астраханский	1
астраханского	1
астраханское	2
астров	2
астрономии	1
астрономическая	2
астрономия	1
астрономом	1
асу	1
асфальта	1
асфальтированная	1
асфальтированные	1
асфальтовое	1
асхабад	1
асхабаде	1
атак	1
атака	1
атаки	4
атаковав	1
атаковала	3
атаковали	4
атаковать	1
атаку	1
атакуют	1
атаман	4
атамана	11
атаманам	1
атаманов	1
атаманом	1
атаманским	1
атаману	1
ататюрком	1
атв	1
ате	4
атеизма	1
атеисты	3
атения	1
атинская	2
атинским	1
атинской	1
атлантика	2
атлантике	4
атлантики	1
атлантику	1
атлантическая	1
атлантический	3
атлантическим	2
атлантических	1
атлантического	4
атлантической	1
атлантическому	1
атласы	1
атлетика	1
атлетике	1
атмосфера	1
атмосфере	3
атмосферного	3
атмосферной	1
атмосферные	1
атмосферный	1
атмосферных	1
атмосферу	2
атмосферы	2
атома	1
атомная	1
атомной	2
атомную	1
атомные	1
атомный	2
атомным	2
атомными	1
атомных	1
атрибутами	1
атрибуты	3
атташе	1
аттестат	12
аттестации	1
аттестацию	1
аттике	2
аттики	6
аттику	1
аттилы	1
атэс	1
аугсбургской	1
аугустинавичюте	2
аугусты	1
аудиенции	4
аудиенцию	3
аудиторией	2
аудитории	1
аудиторию	2
аудитория	4
аудиторской	1
аукционе	1
аукционы	1
аукцыон	1
аукштайтии	1
аукштайтия	1
аукштасис	1
аукштояс	1
аустерлице	1
аутентичное	1
аушрой	1
афанасий	1
афанасия	1
афанасьев	1
афганистан	3
афганистана	2
афганистане	2
афганистаном	4
афганская	1
афганский	1
афганского	1
афганской	1
афганскую	1
афин	13
афинам	2
афинами	3
афинах	12
афинская	1
афинские	1
афинский	7
афинского	4
афинское	4
афинской	6
афинском	2
афины	19
афинян	11
афинянам	4
афинянами	2
афиняне	10
афинянин	1
афон	6
афона	1
афоне	2
афонских	1
афонсу	1
африка	2
африканские	3
африканский	2
африканским	1
африканскими	1
африканских	5
африканцев	1
африканцы	1
африке	13
африки	9
африкой	2
африку	2
афродисиас	1
ах	1
ахайя	1
ахелоос	1
ахеменидов	3
ахеменидской	1
ахиллесовой	1
ахмат	1
ахматовой	2
ахматовской	1
ачуеву	1
ашан	1
ашельские	1
ашхабад	1
ашёльской	1
аэрации	2
аэровокзал	1
аэродинамики	1
аэродром	1
аэродрома	2
аэродромам	1
аэродромов	1
аэродромы	3
аэроклуб	1
аэропорт	10
аэропорта	5
аэропортов	6
аэропортом	3
аэропорту	3
аэропорты	3
аэрофлот	1
аэс	3
ая	2
б	64
бабкин	2
бабочек	1
бабуриным	1
бабюрен	1
баварский	1
баган	1
баграмян	1
багрянородного	3
багрянородным	1
баденский	1
бадольо	2
баженов	1
баз	5
база	4
базардюзю	1
базах	1
базе	12
базейо	1
базелем	1
базилевский	1
базилика	2
базиликата	1
базиликате	1
базировавшиеся	1
базировавшийся	1
базирования	1
базируется	1
базируются	1
базирующегося	1
базисе	1
базитовый	1
базовой	2
базовую	1
базовых	2
базу	6
базы	16
байдарках	1
байкал	2
байкала	1
байкальская	1
байкальской	2
байкеров	1
бакалавр	1
бакалавров	1
бакалавром	1
бакатина	1
бакинская	1
бакинский	2
бакинского	2
бакич	1
бакича	1
бакичем	1
бактериология	1
бактрийцев	1
баку	8
бакунин	1
бал	1
баланс	2
баланса	1
балансе	2
балансовые	1
балатон	1
балахович	1
балдахином	1
бален	1
балета	5
балетмейстером	1
балеты	1
балк	2
балка	2
балкам	1
балканах	3
балканский	1
балканских	3
балканского	1
балканы	2
балкарии	2
балкарская	1
балкашин	1
балки	4
балкой	1
балкон	1
балкона	1
балконами	1
балконом	2
балла	4
баллов	1
баллотирование	1
балльная	6
балов	1
балт	2
балтии	1
балтийск	1
балтийская	2
балтийские	1
балтийский	12
балтийским	3
балтийских	2
балтийского	15
балтийское	2
балтийской	2
балтийском	3
балтийскому	12
балтийскую	1
балтика	1
балтике	1
балтики	1
балтинвестбанк	1
балтов	1
балтскими	1
балтских	3
балтского	1
балтфлоте	1
балы	1
бальзак	1
бальмонт	1
бальнеологический	1
бальнеологическим	1
бальнеологических	1
бальнеологическое	1
бальцерович	1
балюстрада	2
бам	1
банальными	1
бангладешцы	1
бандаберг	1
бандейра	1
бандини	1
бандитизмом	1
банк	26
банка	29
банками	1
банках	2
банкетов	1
банкеты	1
банки	7
банкиров	1
банкнот	1
банкнотах	2
банков	12
банковская	2
банковские	1
банковский	2
банковским	1
банковских	1
банковское	1
банковской	2
банком	3
банку	1
баптистов	2
баптисты	2
бар	1
барабанным	1
бараках	1
баранова	1
барбариго	1
барбаросса	7
барбизонской	1
барбовича	1
барвенково	1
бардов	1
барельеф	1
барельефных	1
барельефы	1
баржах	1
барже	1
барк	2
барокко	11
барон	2
барона	4
бароном	1
баронских	1
баронского	1
баронства	1
барону	1
барочное	1
барочной	1
барочный	2
барочными	1
баррани	1
баррелей	2
баррикады	1
баррикелло	1
барская	1
барсуки	1
бартелеми	1
бартоломео	1
баруху	1
барщине	1
барщину	1
барье	1
барьер	3
барьера	1
барьерами	1
барьерного	9
барьерном	3
барьерный	12
барьеров	1
барьером	2
баскетбол	3
баскетболу	1
баскетбольные	2
баски	1
баскский	1
басмачи	1
басов	1
бассейн	5
бассейна	1
бассейнами	1
бассейне	2
бассейнов	2
бассейны	1
бастилии	2
бастиона	8
бастионе	2
бастионов	3
бастовавшие	1
бастовало	4
бастующим	3
бастующих	1
батаан	1
батайск	1
баталинского	2
батальон	2
батальона	11
батальонах	1
батальонов	9
батальоном	1
батальоны	7
батареи	2
батарей	1
батарея	1
батист	2
батистом	2
батория	3
батраков	1
баттиста	1
батыя	2
бахаи	1
бахчисарай	1
бахчисарайский	1
башкир	2
башкирами	1
башкирский	1
башкиры	1
башкортостане	1
башне	1
башней	1
башни	2
башню	1
башня	3
башнями	2
ббр	1
беатрикс	1
бег	1
бегства	1
бегство	5
